0.846777909876 1
0.838214603727 2
0.82898753833 3
0.819210835057 4
0.808969009873 5
0.798334563881 6
0.787369523369 7
0.77612681423 8
0.764651508368 9
0.752981935734 10
0.741150664576 11
0.729185357869 12
0.717109516684 13
0.704943122369 14
0.69270318941 15
0.680404240232 16
0.668058712283 17
0.655677306596 18
0.643269285965 19
0.630842729749 20
0.618404751404 21
0.605961683887 22
0.593519237376 23
0.581082633049 24
0.568656716095 25
0.55624605067 26
0.543854999092 27
0.531487787235 28
0.519148557801 29
0.506841412926 30
0.494570447371 31
0.482339773411 32
0.470153538394 33
0.458015935851 34
0.44593121093 35
0.433903660892 36
0.421937631314 37
0.41003750862 38
0.398207709503 39
0.386452667769 40
0.374776819111 41
0.363184584271 42
0.351680351021 43
0.34026845539 44
0.328953162488 45
0.3177386473 46
0.30662897575 47
0.295628086326 48
0.284739772529 49
0.273967666366 50
0.263315223078 51
0.252785707273 52
0.242382180599 53
0.232107491047 54
0.221964263979 55
0.211954894914 56
0.202081544104 57
0.192346132894 58
0.182750341842 59
0.173295610569 60
0.163983139259 61
0.154813891747 62
0.145788600099 63
0.136907770593 64
0.128171690969 65
0.119580438857 66
0.111133891244 67
0.102831734858 68
0.0946734773364 69
0.086658459069 70
0.078785865561 71
0.0710547402155 72
0.063463997404 73
0.0560124357099 74
0.0486987512371 75
0.0415215508768 76
0.0344793654373 77
0.0275706625455 78
0.0207938592439 79
0.0141473342274 80
0.00762943982856 81
0.00123852098674 82
-0.00502712341487 83
-0.0111691168508 84
-0.0171891245204 85
-0.0230887704889 86
-0.028869648195 87
-0.0345333124986 88
-0.0400812730329 89
-0.0455149883466 90
-0.050835860786 91
-0.0560452321011 92
-0.0611443797606 93
-0.0661345139596 94
-0.0710167752964 95
-0.0757922330974 96
-0.0804618843603 97
-0.0850266532867 98
-0.089487391372 99
-0.0938448780185 100
-0.098099821637 101
-0.102252861199 102
-0.106304568206 103
-0.110255449031 104
-0.114105947609 105
-0.117856448421 106
-0.121507279751 107
-0.125058717172 108
-0.128510987229 109
-0.13186427128 110
-0.135118709477 111
-0.138274404837 112
-0.141331427389 113
-0.144289818362 114
-0.147149594394 115
-0.14991075173 116
-0.152573270391 117
-0.1551371183 118
-0.157602255334 119
-0.159968637294 120
-0.162236219777 121
-0.164404961932 122
-0.166474830095 123
-0.168445801283 124
-0.170317866557 125
-0.172091034216 126
-0.17376533285 127
-0.175340814227 128
-0.176817556005 129
-0.178195664293 130
-0.179475276027 131
-0.180656561188 132
-0.18173972484 133
-0.182725009007 134
-0.183612694378 135
-0.184403101845 136
-0.185096593885 137
-0.185693575774 138
-0.186194496653 139
-0.186599850434 140
-0.18691017656 141
-0.187126060627 142
-0.187248134861 143
-0.187277078456 144
-0.187213617795 145
-0.187058526537 146
-0.186812625582 147
-0.186476782934 148
-0.186051913438 149
-0.185538978427 150
-0.184938985259 151
-0.184252986768 152
-0.183482080619 153
-0.182627408579 154
-0.181690155714 155
-0.180671549507 156
-0.1795728589 157
-0.178395393283 158
-0.177140501412 159
-0.17580957027 160
-0.174404023881 161
-0.172925322073 162
-0.171374959192 163
-0.169754462782 164
-0.168065392224 165
-0.166309337347 166
-0.164487916998 167
-0.162602777604 168
-0.160655591692 169
-0.158648056406 170
-0.156581891996 171
-0.154458840304 172
-0.152280663228 173
-0.150049141191 174
-0.147766071596 175
-0.145433267287 176
-0.143052555003 177
-0.140625773836 178
-0.138154773705 179
-0.135641413821 180
-0.133087561174 181
-0.130495089026 182
-0.12786587542 183
-0.125201801702 184
-0.122504751064 185
-0.119776607101 186
-0.11701925239 187
-0.114234567092 188
-0.111424427578 189
-0.108590705073 190
-0.105735264333 191
-0.102859962343 192
-0.0999666470478 193
-0.0970571561034 194
-0.094133315666 195
-0.0911969392051 196
-0.0882498263499 197
-0.0852937617659 198
-0.0823305140638 199
-0.0793618347399 200
-0.0763894571498 201
-0.0734150955143 202
-0.0704404439591 203
-0.0674671755873 204
-0.0644969415855 205
-0.0615313703638 206
-0.0585720667291 207
-0.055620611092 208
-0.0526785587072 209
-0.049747438948 210
-0.046828754613 211
-0.0439239812672 212
-0.0410345666147 213
-0.0381619299055 214
-0.0353074613734 215
-0.0324725217075 216
-0.029658441554 217
-0.0268665210507 218
-0.0240980293925 219
-0.0213542044273 220
-0.018636252283 221
-0.0159453470256 222
-0.0132826303484 223
-0.0106492112954 224
-0.00804616603131 225
-0.0054745377118 226
-0.00293533689265 227
-0.000429563310991 228
0.0020419314166 229
0.00447813051791 230
0.00687820433458 231
0.00924131004357 232
0.0115666405259 233
0.0138534229232 234
0.0161009184548 235
0.0183084223468 236
0.0204752637672 237
0.0226008057456 238
0.0246844450742 239
0.0267256121875 240
0.0287237710222 241
0.0306784188548 242
0.0325890861205 243
0.0344553362111 244
0.0362767652534 245
0.0380530018689 246
0.0397837069146 247
0.041468573205 248
0.0431073252174 249
0.0446997187784 250
0.0462455407351 251
0.0477446086081 252
0.04919677023 253
0.0506019033672 254
0.0519599153277 255
0.0532707425534 256
0.0545343501985 257
0.0557507316948 258
0.0569199083033 259
0.0580419286532 260
0.0591168682694 261
0.0601448290873 262
0.0611259389578 263
0.0620603511406 264
0.0629482437883 265
0.0637898194207 266
0.06458530439 267
0.0653349483384 268
0.0660390236466 269
0.0666978248765 270
0.0673116682061 271
0.0678808908594 272
0.0684058505297 273
0.0688869247985 274
0.0693245105508 275
0.0697190233851 276
0.070070897022 277
0.0703805827085 278
0.0706485486223 279
0.070875279273 280
0.0710612749033 281
0.0712070508903 282
0.0713131371464 283
0.071380077522 284
0.0714084292087 285
0.0713987621458 286
0.0713516584283 287
0.0712677117185 288
0.0711475266614 289
0.0709917183041 290
0.0708009115198 291
0.070575740437 292
0.0703168478744 293
0.0700248847816 294
0.0697005096869 295
0.0693443881507 296
0.0689571922279 297
0.0685395999366 298
0.0680922947353 299
0.0676159650084 300
0.0671113035607 301
0.0665790071199 302
0.0660197758495 303
0.0654343128699 304
0.0648233237904 305
0.0641875162501 306
0.063527599469 307
0.0628442838099 308
0.0621382803501 309
0.061410300463 310
0.0606610554119 311
0.0598912559523 312
0.0591016119463 313
0.0582928319873 314
0.0574656230348 315
0.0566206900606 316
0.0557587357051 317
0.0548804599445 318
0.0539865597679 319
0.0530777288657 320
0.0521546573276 321
0.0512180313506 322
0.0502685329581 323
0.0493068397277 324
0.0483336245297 325
0.0473495552745 326
0.0463552946698 327
0.0453514999871 328
0.0443388228369 329
0.0433179089532 330
0.0422893979862 331
0.0412539233039 332
0.0402121118014 333
0.0391645837187 334
0.0381119524661 335
0.0370548244571 336
0.0359937989488 337
0.0349294678895 338
0.0338624157728 339
0.032793219499 340
0.0317224482424 341
0.0306506633258 342
0.0295784180996 343
0.0285062578285 344
0.0274347195824 345
0.0263643321337 346
0.0252956158594 347
0.024229082649 348
0.0231652358161 349
0.0221045700163 350
0.0210475711684 351
0.0199947163808 352
0.0189464738822 353
0.0179033029562 354
0.0168656538799 355
0.015833967867 356
0.014808677014 357
0.0137902042504 358
0.0127789632931 359
0.0117753586032 360
0.0107797853473 361
0.009792629362 362
0.0088142671216 363
0.00784506570989 364
0.00688538279569 365
0.00593556661341 366
0.00499595595065 367
0.00406688014944 368
0.00314865914163 369
0.00224160360622 370
0.00134601579523 371
0.000462199904054 372
-0.000409659581583 373
-0.00126912243705 374
-0.00211603057463 375
-0.00295011481917 376
-0.00377112980744 377
-0.00457884091077 378
-0.00537302326176 379
-0.00615346154688 380
-0.00691994993037 381
-0.0076722920104 382
-0.00841030078404 383
-0.0091337986139 384
-0.00984261719388 385
-0.010536597513 386
-0.0112155898166 387
-0.0118794535655 388
-0.0125280573912 389
-0.0131612790496 390
-0.0137790053706 391
-0.0143811322059 392
-0.0149675643725 393
-0.0155382155949 394
-0.0160930084426 395
-0.0166318742659 396
-0.0171547531285 397
-0.0176615937365 398
-0.0181523533651 399
-0.0186269977824 400
-0.0190855011696 401
-0.0195278460392 402
-0.0199540231495 403
-0.0203640314168 404
-0.0207578778247 405
-0.02113557733 406
-0.0214971527665 407
-0.0218426347462 408
-0.0221720615567 409
-0.0224854790573 410
-0.0227829405715 411
-0.0230664644396 412
-0.0233042087418 413
-0.0234271656261 414
-0.0234374435658 415
-0.0233388616679 416
-0.0231351123768 417
-0.0228297633186 418
-0.0224262615795 419
-0.0219279378397 420
-0.0213380103487 421
-0.020659588751 422
-0.0198956777691 423
-0.0190491807528 424
-0.0181229030998 425
-0.0171195555576 426
-0.0160417574061 427
-0.0148920395314 428
-0.013672847394 429
-0.0123865438953 430
-0.0110354121469 431
-0.00962165815074 432
-0.00814741339098 433
-0.00661473734737 434
-0.00502561996037 435
-0.00338198416675 436
-0.00168568960166 437
6.17130294724e-05 438
0.00185779075553 439
0.00370154349969 440
0.0055911380158 441
0.00752500875107 442
0.00950164458895 443
0.0115195858485 444
0.0135774223757 445
0.0156737918363 446
0.0178073780828 447
0.0199769095932 448
0.0221811579605 449
0.0244189364359 450
0.0266890985165 451
0.0289905365827 452
0.0313221805873 453
0.0336829967791 454
0.036071986474 455
0.0384881848672 456
0.0409306598846 457
0.043398511071 458
0.0458908685331 459
0.0484068918745 460
0.0509457692077 461
0.0535067161916 462
0.0560889750952 463
0.0586918138931 464
0.0613145253912 465
0.0639564263867 466
0.0666168568472 467
0.0692951791289 468
0.0719907772177 469
0.0747030559885 470
0.0774314405026 471
0.0801753753162 472
0.0829343238227 473
0.0857077676152 474
0.0884952058617 475
0.0912961547145 476
0.0941101467323 477
0.0969367303236 478
0.0997754692097 479
0.102625941907 480
0.10548774122 481
0.108360473763 482
0.11124375949 483
0.11413723124 484
0.117040534303 485
0.119953326003 486
0.122875275281 487
0.125806062313 488
0.12874537812 489
0.131692924209 490
0.134648412214 491
0.137611563557 492
0.14058210911 493
0.143559788885 494
0.146544351722 495
0.149535554994 496
0.152533164309 497
0.155536953245 498
0.158546703076 499
0.161562202508 500
0.164583247436 501
0.167609640697 502
0.170641191836 503
0.173677716886 504
0.176719038144 505
0.179764983962 506
0.18281538854 507
0.185870091738 508
0.188928938876 509
0.191991780554 510
0.195058472479 511
0.198128875284 512
0.201202854371 513
0.204280279746 514
0.207361025866 515
0.210444971492 516
0.213531999538 517
0.216621996939 518
0.219714854508 519
0.222810466815 520
0.225908732057 521
0.229009551927 522
0.232112831509 523
0.235218479159 524
0.238326406396 525
0.241436527798 526
0.244548760897 527
0.247663026074 528
