4.95178568558e-05 -0.00460452174539 -1.11649107122e-05 1
-9.95990796783e-06 -0.00158334207121 -7.0289297695e-06 2
-8.10009709477e-05 0.00202294789288 -3.1251781225e-06 3
-0.000149522120615 0.00550460869798 1.23420115149e-06 4
-0.00021561802546 0.00886591203632 5.44784717364e-06 5
-0.000279385950853 0.0121112886498 9.51913568297e-06 6
-0.000340918649236 0.0152449885573 1.34530515688e-05 7
-0.000400304549131 0.0182710871119 1.72543699374e-05 8
-0.000457627991861 0.0211934936981 2.09276868964e-05 9
-0.000512969453886 0.0240159598944 2.44774263296e-05 10
-0.000566405754864 0.026742087102 2.79078459693e-05 11
-0.000618010253096 0.0293753337082 3.12230456762e-05 12
-0.000667853028441 0.0319190217904 3.44269742973e-05 13
-0.000716001054673 0.0343763434467 3.75234339084e-05 14
-0.000762518359069 0.0367503666347 4.05160887876e-05 15
-0.000807466176902 0.0390440409019 4.34084657202e-05 16
-0.000850903092248 0.041260202561 4.62039663605e-05 17
-0.000892885172708 0.0434015796926 4.89058658373e-05 18
-0.000933466095805 0.0454707968503 5.15173220087e-05 19
-0.000972697268805 0.0474703795525 5.40413777678e-05 20
-0.00101062793863 0.0494027583849 5.64809665734e-05 21
-0.00104730529905 0.0512702730721 5.88389156543e-05 22
-0.00108277459238 0.053075176367 6.11179519407e-05 23
-0.00111707920099 0.0548196375271 6.33207033681e-05 24
-0.00115026073698 0.0565057457844 6.54497055356e-05 25
-0.00118235912469 0.0581355136086 6.75074016474e-05 26
-0.00121341293815 0.0597108798062 6.94961499615e-05 27
-0.00124345823814 0.0612337125037 7.1418224703e-05 28
-0.00127253105591 0.0627058119208 7.32758190676e-05 29
-0.00130066510302 0.0641289131063 7.50710490794e-05 30
-0.00132789298326 0.0655046884847 7.68059560652e-05 31
-0.00135424603277 0.0668347503115 7.84825103392e-05 32
-0.00137975437722 0.0681206530828 8.01026118825e-05 33
-0.0014044469806 0.0693638955126 8.16680952139e-05 34
-0.00142835170571 0.0705659231393 8.31807295877e-05 35
-0.00145149535216 0.0717281298351 8.46422237889e-05 36
-0.00147390371252 0.0728518602648 8.60542270925e-05 37
-0.00149560160922 0.0739384114233 8.74183294639e-05 38
-0.00151661294129 0.0749890346729 8.87360679937e-05 39
-0.00153696071813 0.0760049371838 9.00089264427e-05 40
-0.0015566671004 0.0769872837488 9.12383351076e-05 41
-0.00157575344044 0.0779371985979 9.2425677529e-05 42
-0.00159424030715 0.0788557664581 9.35722880011e-05 43
-0.00161214752451 0.0797440343205 9.46794556376e-05 44
-0.00162949420092 0.0806030127616 9.57484247741e-05 45
-0.00164629875854 0.0814336772858 9.67803973088e-05 46
-0.00166257895965 0.0822369695337 9.77765349329e-05 47
-0.0016783519498 0.0830137993449 9.87379569523e-05 48
-0.00169363423315 0.0837650434454 9.96657500558e-05 49
-0.0017084417641 0.0844915499564 0.000100560956935 50
-0.00172278992619 0.0851941372845 0.000101424588613 51
-0.0017366935696 0.0858735959461 0.00010225762239 52
-0.00175016702743 0.086530689342 0.000103061000597 53
-0.00176322413574 0.0871661547395 0.000103835635278 54
-0.00177587825724 0.0877807044172 0.000104582406681 55
-0.00178814229071 0.0883750261314 0.000105302165311 56
-0.00180002869968 0.0889497845371 0.000105995733289 57
-0.00181154952383 0.089505621753 0.000106663904975 58
-0.0018227163895 0.0900431578906 0.000107307449389 59
-0.00183354053791 0.0905629924646 0.00010792710744 60
-0.00184403282499 0.0910657043997 0.000108523595734 61
-0.00185420374851 0.0915518533935 0.000109097608881 62
-0.00186406345586 0.0920219803222 0.000109649816825 63
-0.00187362175126 0.0924766076244 0.000110180866257 64
-0.00188288812005 0.0929162405239 0.000110691384281 65
-0.00189187173079 0.0933413671761 0.000111181975778 66
-0.00190058145158 0.0937524594861 0.000111653226357 67
-0.00190902585891 0.0941499735898 0.000112105700838 68
-0.00191721325049 0.0945343505176 0.000112539948371 69
-0.00192515164747 0.0949060163397 0.000112956495818 70
-0.00193284881781 0.0952653833503 0.000113355856008 71
-0.0019403122711 0.0956128498529 0.000113738523001 72
-0.00194754927743 0.095948801116 0.000114104975036 73
-0.00195456686885 0.0962736094941 0.000114455675483 74
-0.00196137185751 0.096587635349 0.000114791070533 75
-0.00196797082899 0.0968912267593 0.00011511159427 76
-0.00197437016592 0.0971847207192 0.000115417663906 77
-0.00198057603907 0.0974684427353 0.000115709684894 78
-0.00198659443056 0.0977427080035 0.000115988049405 79
-0.00199243112626 0.0980078210707 0.000116253134864 80
-0.00199809173046 0.0982640765904 0.000116505308962 81
-0.00200358166797 0.0985117594602 0.000116744925177 82
-0.00200890619624 0.0987511454503 0.000116972326829 83
-0.00201407040492 0.098982501213 0.000117187845788 84
-0.00201907922548 0.0992060847904 0.000117391803132 85
-0.00202393742831 0.0994221455019 0.000117584508905 86
-0.00202864964035 0.0996309248401 0.000117766264323 87
-0.0020332203437 0.0998326564316 0.000117937359819 88
-0.00203765387468 0.100027566022 0.00011809807671 89
-0.00204195444097 0.10021587235 0.000118248686862 90
-0.00204612611246 0.100397786714 0.000118389454964 91
-0.00205017283808 0.100573513835 0.000118520635403 92
-0.00205409844204 0.100743251695 0.000118642474116 93
-0.00205790663196 0.100907191958 0.000118755211258 94
-0.00206160099427 0.101065519778 0.000118859076508 95
-0.00206518501072 0.101218414623 0.000118954295189 96
-0.00206866205545 0.101366050157 0.000119041083082 97
-0.00207203539261 0.10150859415 0.000119119650135 98
-0.00207530819036 0.101646209185 0.000119190198578 99
-0.00207848352094 0.101779052673 0.000119252925167 100
-0.00208156435504 0.101907276611 0.000119308020218 101
-0.00208455357841 0.102031028407 0.000119355667597 102
-0.002087453986 0.102150450611 0.000119396046034 103
-0.00209026828693 0.102265681183 0.000119429327458 104
-0.00209299910724 0.10237685364 0.000119455679261 105
-0.00209564899244 0.102484097202 0.000119475262563 106
-0.00209822041008 0.102587536927 0.00011948823451 107
-0.00210071575215 0.102687293854 0.000119494747005 108
-0.00210313733804 0.102783485153 0.000119494946233 109
-0.00210548741884 0.102876224359 0.00011948897416 110
-0.00210776816551 0.102965620806 0.000119476969986 111
-0.00210998169575 0.103051780943 0.000119459065406 112
-0.00211213005651 0.103134807512 0.000119435390389 113
-0.00211421523399 0.103214800029 0.000119406069686 114
-0.0021162391554 0.103291854892 0.000119371224204 115
-0.00211820368475 0.103366065194 0.000119330972054 116
-0.00212011062925 0.103437521033 0.000119285426203 117
-0.00212196174759 0.103506309932 0.000119234696703 118
-0.00212375873604 0.103572516177 0.000119178891025 119
-0.002125503248 0.103636221769 0.000119118111439 120
-0.00212719687766 0.103697505652 0.000119052458483 121
-0.00212884117729 0.103756444546 0.000118982029071 122
-0.00213043765404 0.103813112814 0.000118906916883 123
-0.00213198776031 0.103867582001 0.000118827213851 124
-0.00213349290649 0.103919921458 0.000118743007376 125
-0.00213495446443 0.103970198517 0.00011865438285 126
-0.00213637376036 0.104018478157 0.000118561423343 127
-0.00213775208443 0.104064823478 0.000118464209291 128
-0.00213909068596 0.104109295466 0.000118362818208 129
-0.00214039077116 0.104151952902 0.00011825732589 130
-0.002141653515 0.104192852939 0.000118147805006 131
-0.00214288005281 0.104232050702 0.00011803432654 132
-0.00214407148978 0.104269599748 0.000117916959159 133
-0.00214522889516 0.1043055518 0.000117795769473 134
-0.00214635330562 0.104339956909 0.000117670822308 135
-0.00214744572622 0.104372863507 0.00011754217991 136
-0.00214850713362 0.104404318569 0.000117409903583 137
-0.00214953846794 0.104434367226 0.000117274051724 138
-0.00215054064741 0.10446305347 0.000117134681508 139
-0.00215151455997 0.104490419761 0.000116991848686 140
-0.00215246106647 0.10451650718 0.000116845606709 141
-0.00215338100377 0.104541355585 0.000116696007582 142
-0.00215427517635 0.104565003213 0.000116543102823 143
-0.002155144371 0.104587487383 0.00011638693999 144
-0.00215598934818 0.104608844095 0.000116227568321 145
-0.00215681084514 0.104629108173 0.00011606503325 146
-0.00215760957722 0.104648313335 0.000115899379906 147
-0.0021583862361 0.104666492118 0.000115730651957 148
-0.00215914149416 0.104683676079 0.000115558891629 149
-0.00215987600263 0.104699895717 0.000115384140102 150
-0.00216059039345 0.104715180561 0.000115206437377 151
-0.00216128528034 0.104729559226 0.000115025821823 152
-0.00216196125137 0.104743059066 0.000114842332174 153
-0.00216261888482 0.10475570692 0.000114656004405 154
-0.00216325874065 0.104767528717 0.000114466874017 155
-0.00216388135712 0.104778549318 0.000114274976177 156
-0.00216448725607 0.104788792765 0.000114080344187 157
-0.00216507694805 0.10479828253 0.000113883010633 158
-0.00216565092569 0.104807041202 0.000113683007691 159
-0.00216620966724 0.104815090652 0.000113480366128 160
-0.00216675363449 0.104822451949 0.000113275116288 161
-0.00216728327702 0.104829145547 0.000113067287148 162
-0.0021677990301 0.104835191199 0.000112856907932 163
-0.00216830131637 0.104840608029 0.000112644005735 164
-0.00216879054607 0.104845414559 0.000112428608047 165
-0.00216926711182 0.104849628446 0.000112210741484 166
-0.00216973140076 0.104853267069 0.000111990431436 167
-0.0021701837859 0.104856347118 0.000111767702841 168
-0.00217062463131 0.104858884841 0.000111542580575 169
-0.00217105428293 0.104860895611 0.00011131508767 170
-0.00217147308337 0.104862394625 0.000111085248722 171
-0.00217188136487 0.104863396576 0.000110853085219 172
-0.00217227944253 0.104863915331 0.000110618619683 173
-0.00217266762911 0.104863964632 0.000110381874081 174
-0.00217304622558 0.104863557652 0.000110142868566 175
-0.00217341552623 0.104862707235 0.000109901625219 176
-0.00217377581004 0.104861425489 0.000109658162939 177
-0.00217412735291 0.104859724373 0.000109412501953 178
-0.00217447042206 0.104857615417 0.000109164661604 179
-0.00217480527607 0.104855109739 0.000108914660725 180
-0.00217513216587 0.104852218087 0.000108662517593 181
-0.0021754513356 0.104848950878 0.000108408250367 182
-0.0021757630209 0.104845318124 0.000108151877059 183
-0.00217606745051 0.104841329505 0.000107893414277 184
-0.00217636484773 0.104836994434 0.000107632879478 185
-0.00217665543109 0.104832322096 0.000107370289222 186
-0.00217693940791 0.104827321141 0.000107105660002 187
-0.00217721697953 0.104821999935 0.00010683900751 188
-0.00217748834635 0.104816366792 0.000106570348003 189
-0.00217775370297 0.104810429749 0.000106299696445 190
-0.00217801323108 0.104804196233 0.000106027068255 191
-0.00217826711459 0.104797673771 0.00010575247775 192
-0.00217851553036 0.104790869554 0.000105475940526 193
-0.0021787586483 0.104783790446 0.000105197470316 194
-0.00217899663552 0.104776443174 0.000104917081519 195
-0.00217922965382 0.104768834214 0.000104634788492 196
-0.0021794578654 0.104760970059 0.000104350604016 197
-0.0021796814132 0.104752856296 0.000104064542833 198
-0.00217990045116 0.104744499026 0.000103776616639 199
-0.00218011512649 0.104735904031 0.000103486840353 200
-0.00218032557499 0.104727076561 0.000103195225999 201
-0.00218053193699 0.10471802207 0.000102901786482 202
-0.00218073434704 0.10470874575 0.000102606534455 203
-0.00218093293067 0.104699252362 0.000102309481873 204
-0.00218112781703 0.104689546839 0.000102010642328 205
-0.00218131912936 0.104679633835 0.000101710026897 206
-0.00218150699024 0.104669517974 0.000101407647345 207
-0.00218169151409 0.1046592035 0.000101103516679 208
-0.00218187281253 0.104648694522 0.00010079764629 209
-0.00218205099945 0.104637995259 0.000100490046931 210
-0.00218222618335 0.104627109677 0.000100180731481 211
-0.0021823984708 0.10461604165 9.98697106021e-05 212
-0.00218256796626 0.104604794959 9.95569950497e-05 213
-0.00218273476615 0.104593373005 9.92425969241e-05 214
-0.00218289897163 0.104581779415 9.89265268871e-05 215
-0.00218306067892 0.104570017584 9.86087961964e-05 216
-0.00218321998458 0.104558090923 9.82894155018e-05 217
-0.0021833769753 0.104546002387 9.79683962141e-05 218
-0.0021835317436 0.104533755201 9.76457477168e-05 219
-0.00218368437737 0.104521352378 9.7321482224e-05 220
-0.00218383496327 0.104508796871 9.69956094878e-05 221
-0.00218398358405 0.104496091456 9.66681400667e-05 222
-0.00218413032539 0.104483239047 9.63390852856e-05 223
-0.00218427526852 0.104470242348 9.60084538969e-05 224
-0.00218441848322 0.104457103538 9.56762575212e-05 225
-0.00218456005572 0.104443825559 9.53425060052e-05 226
-0.00218470006186 0.104430410871 9.50072099041e-05 227
-0.00218483856819 0.104416861506 9.46703786241e-05 228
-0.00218497565329 0.104403180056 9.43320223536e-05 229
-0.0021851113915 0.104389368918 9.39921521876e-05 230
-0.00218524584788 0.10437543006 9.36507771581e-05 231
-0.00218537909696 0.104361365892 9.33079074403e-05 232
-0.00218551120131 0.104347178271 9.29635537392e-05 233
-0.0021856422305 0.104332869378 9.2617724377e-05 234
-0.00218577225018 0.104318441219 9.22704305838e-05 235
-0.00218590132492 0.104303895751 9.19216818587e-05 236
-0.00218602951827 0.104289234882 9.15714874804e-05 237
-0.00218615689275 0.10427446048 9.12198574091e-05 238
-0.00218628350993 0.104259574368 9.08668018531e-05 239
-0.00218640943045 0.104244578328 9.05123297219e-05 240
-0.00218653471404 0.104229474106 9.01564519616e-05 241
-0.00218665941958 0.104214263406 8.9799176831e-05 242
-0.00218678360583 0.104198947932 8.9440514654e-05 243
-0.00218690733123 0.104183529375 8.9080474353e-05 244
-0.00218703064821 0.104168009152 8.87190666494e-05 245
-0.00218715361656 0.104152389021 8.83563001513e-05 246
-0.00218727628919 0.104136670426 8.79921847056e-05 247
-0.00218739871773 0.104120854753 8.76267295854e-05 248
-0.00218752096139 0.104104943741 8.72599446909e-05 249
-0.00218764306761 0.10408893859 8.68918391459e-05 250
-0.00218776509165 0.104072840862 8.65224227297e-05 251
-0.00218788708528 0.104056651961 8.61517045466e-05 252
-0.00218800910242 0.104040373395 8.57796938602e-05 253
-0.00218813118811 0.104024006261 8.54064004507e-05 254
-0.00218825339534 0.104007552029 8.50318337502e-05 255
-0.00218837577644 0.103991012141 8.46560028705e-05 256
-0.00218849837757 0.103974387757 8.42789176803e-05 257
-0.00218862124529 0.103957680056 8.39005867298e-05 258
-0.00218874442988 0.103940890396 8.35210199678e-05 259
-0.00218886797826 0.103924019981 8.31402261898e-05 260
-0.00218899193842 0.103907070067 8.27582152501e-05 261
-0.00218911635992 0.103890041985 8.23749962558e-05 262
-0.00218924128337 0.103872936657 8.19905784205e-05 263
-0.00218936676052 0.103855755521 8.16049708571e-05 264
-0.00218949283188 0.103838499502 8.12181833379e-05 265
-0.00218961954411 0.10382116981 8.08302243274e-05 266
-0.0021897469428 0.103803767609 8.04411035008e-05 267
